function [R] = RFunc()
R = [0, 1, 0, 0, 0;
     1, 0, 0, 0, 0;
     0, 0, 0, 1, 0;
     0, 0, 1, 0, 0;
     0, 0, 0, 0, 1];
end

